"fips" "longitude" "latitude"
"729" 17001 -91.1859893798828 39.9867820739746
"785" 17003 -89.3334655761719 37.1741256713867
"841" 17005 -89.4332656860352 38.8819808959961
"897" 17007 -88.8234329223633 42.3235015869141
"953" 17009 -90.7505187988281 39.9643821716309
"1009" 17011 -89.5388946533203 41.3990097045898
"1065" 17013 -90.6748275756836 39.192325592041
"1121" 17015 -89.9477081298828 42.0705490112305
"1177" 17017 -90.254524230957 39.9715003967285
"1233" 17019 -88.1988525390625 40.1399078369141
"1289" 17021 -89.2792587280273 39.5467224121094
"1345" 17023 -87.7901458740234 39.3284225463867
"1401" 17025 -88.4850158691406 38.7551498413086
"1457" 17027 -89.4279403686523 38.6110305786133
"1513" 17029 -88.2170867919922 39.5196151733398
"1569" 17031 -87.8207092285156 41.829719543457
"1625" 17033 -87.7538070678711 39.0006561279297
"1681" 17035 -88.2351303100586 39.2765045166016
"1737" 17037 -88.768440246582 41.8935356140137
"1793" 17039 -88.9025192260742 40.1738243103027
"1849" 17041 -88.2178192138672 39.769702911377
"1905" 17043 -88.087532043457 41.846305847168
"1961" 17045 -87.7443237304688 39.6793823242188
"2017" 17047 -88.0607681274414 38.4186058044434
"2073" 17049 -88.5869445800781 39.0616493225098
"2129" 17051 -89.0124435424805 38.9921455383301
"2185" 17053 -88.2236404418945 40.5970993041992
"2241" 17055 -88.9318923950195 37.9923553466797
"2297" 17057 -90.2007064819336 40.4843597412109
"2353" 17059 -88.2292098999023 37.7562446594238
"2409" 17061 -90.3909072875977 39.3574142456055
"2465" 17063 -88.4196243286133 41.2859191894531
"2521" 17065 -88.538948059082 38.0815620422363
"2577" 17067 -91.1621398925781 40.404857635498
"2633" 17069 -88.2698974609375 37.5144462585449
"2689" 17071 -90.9261245727539 40.8177871704102
"2745" 17073 -90.1378021240234 41.3566513061523
"2801" 17075 -87.8248062133789 40.7471923828125
"2857" 17077 -89.3896789550781 37.7741012573242
"2913" 17079 -88.1502456665039 39.0137748718262
"2969" 17081 -88.9228744506836 38.3006553649902
"3025" 17083 -90.3348007202148 39.0898971557617
"3081" 17085 -90.2120666503906 42.3647346496582
"3137" 17087 -88.8777847290039 37.4580230712891
"3193" 17089 -88.4267807006836 41.9387092590332
"3249" 17091 -87.8641357421875 41.1381492614746
"3305" 17093 -88.4285430908203 41.5908355712891
"3361" 17095 -90.2133407592773 40.931510925293
"3417" 17097 -88.0040740966797 42.3230133056641
"3473" 17099 -88.8923797607422 41.3345375061035
"3529" 17101 -87.7242202758789 38.7199287414551
"3585" 17103 -89.299446105957 41.7461051940918
"3641" 17105 -88.5578308105469 40.8914947509766
"3697" 17107 -89.3725967407227 40.1306762695312
"3753" 17109 -90.6778564453125 40.4567718505859
"3809" 17111 -88.4529800415039 42.3241806030273
"3865" 17113 -88.8426208496094 40.4892463684082
"3921" 17115 -88.9663467407227 39.8611526489258
"3977" 17117 -89.9242401123047 39.2612075805664
"4033" 17119 -89.9030838012695 38.8308715820312
"4089" 17121 -88.9189529418945 38.6492195129395
"4145" 17123 -89.3777923583984 41.0278396606445
"4201" 17125 -89.9259872436523 40.2394828796387
"4257" 17127 -88.7027893066406 37.2121047973633
"4313" 17129 -89.8023223876953 40.0308494567871
"4369" 17131 -90.7430267333984 41.2061576843262
"4425" 17133 -90.1805801391602 38.2822532653809
"4481" 17135 -89.4650573730469 39.222972869873
"4537" 17137 -90.1958312988281 39.715892791748
"4593" 17139 -88.6192016601562 39.6368255615234
"4649" 17141 -89.3224411010742 42.0421676635742
"4705" 17143 -89.7646713256836 40.7860374450684
"4761" 17145 -89.3711166381836 38.0861854553223
"4817" 17147 -88.590202331543 40.0106506347656
"4873" 17149 -90.8788604736328 39.6237411499023
"4929" 17151 -88.5615615844727 37.4133682250977
"4985" 17153 -89.1214141845703 37.2215881347656
"5041" 17155 -89.2923126220703 41.2087097167969
"5097" 17157 -89.8335876464844 38.0413055419922
"5153" 17159 -88.0856170654297 38.7114753723145
"5209" 17161 -90.5728225708008 41.4657325744629
"5265" 17163 -89.9286804199219 38.4720001220703
"5321" 17165 -88.5412292480469 37.7533531188965
"5377" 17167 -89.6615219116211 39.7582702636719
"5433" 17169 -90.5990982055664 40.1663093566895
"5489" 17171 -90.4638595581055 39.6479873657227
"5545" 17173 -88.8066101074219 39.3889541625977
"5601" 17175 -89.8148422241211 41.084285736084
"5657" 17177 -89.6626281738281 42.3514595031738
"5713" 17179 -89.5169677734375 40.5072898864746
"5769" 17181 -89.2522506713867 37.4678955078125
"5825" 17183 -87.7333755493164 40.1849517822266
"5881" 17185 -87.85546875 38.4401626586914
"5937" 17187 -90.6147308349609 40.8492622375488
"5993" 17189 -89.4129333496094 38.3533592224121
"6049" 17191 -88.4274673461914 38.4275817871094
"6105" 17193 -88.1757736206055 38.0807685852051
"6161" 17195 -89.9191360473633 41.756706237793
"6217" 17197 -87.9793395996094 41.4344520568848
"6273" 17199 -88.9299621582031 37.7303276062012
"6329" 17201 -89.1609725952148 42.3365287780762
"6385" 17203 -89.2003707885742 40.7837181091309
"6441" 18001 -84.9367523193359 40.745677947998
"6497" 18003 -85.0640029907227 41.0910530090332
"6553" 18005 -85.8914031982422 39.2088165283203
"6609" 18007 -87.3110427856445 40.6062889099121
"6665" 18009 -85.3280181884766 40.4744453430176
"6721" 18011 -86.4685211181641 40.0516738891602
"6833" 18015 -86.568603515625 40.5842781066895
"6889" 18017 -86.3425140380859 40.7633743286133
"6945" 18019 -85.7048797607422 38.4822845458984
"7001" 18021 -87.1095275878906 39.3988838195801
"7057" 18023 -86.4758224487305 40.3024673461914
"7169" 18027 -87.0721282958984 38.7034606933594
"7225" 18029 -84.9696197509766 39.1476745605469
"7281" 18031 -85.5027770996094 39.3149223327637
"7337" 18033 -84.9989166259766 41.3981132507324
"7393" 18035 -85.3972930908203 40.227897644043
"7449" 18037 -86.8800659179688 38.3652267456055
"7505" 18039 -85.8588562011719 41.597728729248
"7561" 18041 -85.1784133911133 39.6397895812988
"7673" 18045 -87.2401962280273 40.125301361084
"7729" 18047 -85.0642547607422 39.411003112793
"7785" 18049 -86.2379150390625 41.0431861877441
"7841" 18051 -87.5909042358398 38.3102188110352
"7897" 18053 -85.6547698974609 40.5158538818359
"7953" 18055 -86.9623489379883 39.0362968444824
"8009" 18057 -86.0526504516602 40.0729827880859
"8065" 18059 -85.7689743041992 39.8225517272949
"8121" 18061 -86.1065216064453 38.1970252990723
"8177" 18063 -86.5092086791992 39.769962310791
"8233" 18065 -85.3964080810547 39.9316596984863
"8289" 18067 -86.1170501708984 40.4776458740234
"8345" 18069 -85.488166809082 40.8290672302246
"8401" 18071 -86.0462493896484 38.9060821533203
"8457" 18073 -87.1133804321289 41.0149955749512
"8513" 18075 -85.007942199707 40.4379081726074
"8569" 18077 -85.4318542480469 38.776065826416
"8625" 18079 -85.6221084594727 38.9965476989746
"8681" 18081 -86.1014862060547 39.489933013916
"8737" 18083 -87.4147872924805 38.6942100524902
"8793" 18085 -85.8579940795898 41.2509117126465
"8849" 18087 -85.4267120361328 41.6424140930176
"8905" 18089 -87.3816680908203 41.4320907592773
"8961" 18091 -86.7467880249023 41.5439796447754
"9017" 18093 -86.4892120361328 38.8376808166504
"9073" 18095 -85.7196502685547 40.1614952087402
"9129" 18097 -86.1366195678711 39.7817611694336
"9185" 18099 -86.2667236328125 41.3265838623047
"9241" 18101 -86.7995986938477 38.7070999145508
"9297" 18103 -86.0402984619141 40.7492599487305
"9353" 18105 -86.5074081420898 39.1567344665527
"9409" 18107 -86.8888549804688 40.0441131591797
"9465" 18109 -86.4514236450195 39.4817237854004
"9521" 18111 -87.3972549438477 40.9631690979004
"9577" 18113 -85.4172744750977 41.3984260559082
"9689" 18117 -86.4953002929688 38.5415115356445
"9745" 18119 -86.8359985351562 39.3076095581055
"9801" 18121 -87.197883605957 39.7759094238281
"9857" 18123 -86.6423187255859 38.0812835693359
"9913" 18125 -87.2364883422852 38.402172088623
"9969" 18127 -87.0679931640625 41.4628868103027
"10025" 18129 -87.8564376831055 38.0346794128418
"10081" 18131 -86.6988906860352 41.0417404174805
"10137" 18133 -86.8392639160156 39.6722183227539
"10193" 18135 -85.0105895996094 40.157772064209
"10249" 18137 -85.2639694213867 39.0972442626953
"10305" 18139 -85.4633407592773 39.6180229187012
"10361" 18141 -86.296760559082 41.6157073974609
"10417" 18143 -85.7420425415039 38.6812858581543
"10473" 18145 -85.7953109741211 39.5265083312988
"10529" 18147 -87.0173416137695 38.0204238891602
"10585" 18149 -86.6464233398438 41.2813262939453
"10641" 18151 -85.0021743774414 41.6435852050781
"10697" 18153 -87.4129028320312 39.0936431884766
"10809" 18157 -86.900520324707 40.383960723877
"10865" 18159 -86.0470199584961 40.3041458129883
"10921" 18161 -84.923454284668 39.6223068237305
"10977" 18163 -87.5815048217773 38.0401229858398
"11033" 18165 -87.4596176147461 39.8576164245605
"11089" 18167 -87.3923950195312 39.4304733276367
"11145" 18169 -85.7933349609375 40.8473587036133
"11201" 18171 -87.3540573120117 40.3501739501953
"11257" 18173 -87.2787551879883 38.0930023193359
"11313" 18175 -86.1008987426758 38.5921058654785
"11369" 18177 -85.0100860595703 39.8628425598145
"11425" 18179 -85.2213287353516 40.7292594909668
"11481" 18181 -86.857536315918 40.7462272644043
"11537" 18183 -85.500373840332 41.139835357666
"11593" 19001 -94.4709777832031 41.330696105957
"11649" 19003 -94.6993865966797 41.028995513916
"11705" 19005 -91.375129699707 43.2838325500488
"11761" 19007 -92.8687591552734 40.7429542541504
"11817" 19009 -94.9044799804688 41.6839408874512
"11873" 19011 -92.0646667480469 42.0800895690918
"11929" 19013 -92.3100051879883 42.469596862793
"11985" 19015 -93.9314117431641 42.0366439819336
"12041" 19017 -92.3181915283203 42.7746238708496
"12097" 19019 -91.8388442993164 42.4711112976074
"12153" 19021 -95.1510848999023 42.7354469299316
"12209" 19023 -92.790153503418 42.7316818237305
"12265" 19025 -94.6405181884766 42.3851852416992
"12321" 19027 -94.8603744506836 42.0361404418945
"12377" 19029 -94.9278945922852 41.331485748291
"12433" 19031 -91.1324691772461 41.7722587585449
"12489" 19033 -93.2611389160156 43.0817718505859
"12545" 19035 -95.6240310668945 42.7354278564453
"12601" 19037 -92.3177871704102 43.0600280761719
"12657" 19039 -93.7852554321289 41.0289764404297
"12713" 19041 -95.1510696411133 43.0824775695801
"12769" 19043 -91.350456237793 42.8475608825684
"12825" 19045 -90.5353622436523 41.9012413024902
"12881" 19047 -95.3820953369141 42.0371208190918
"12937" 19049 -94.0395812988281 41.6863059997559
"12993" 19051 -92.4100875854492 40.747688293457
"13049" 19053 -93.7865829467773 40.7373847961426
"13105" 19055 -91.3677062988281 42.4712104797363
"13161" 19057 -91.189094543457 40.9238166809082
"13217" 19059 -95.1511383056641 43.3776588439941
"13273" 19061 -90.8826675415039 42.4723625183105
"13329" 19063 -94.6786575317383 43.3778686523438
"13385" 19065 -91.8441772460938 42.8626861572266
"13441" 19067 -92.7893218994141 43.0600891113281
"13497" 19069 -93.2624282836914 42.7326354980469
"13553" 19071 -95.600700378418 40.7456893920898
"13609" 19073 -94.3965530395508 42.0361404418945
"13665" 19075 -92.7888412475586 42.3927383422852
"13721" 19077 -94.4997177124023 41.6841430664062
"13777" 19079 -93.7115859985352 42.3841323852539
"13833" 19081 -93.7346038818359 43.081672668457
"13889" 19083 -93.2478485107422 42.3837432861328
"13945" 19085 -95.8186111450195 41.6902046203613
"14001" 19087 -91.5575332641602 40.9848442077637
"14057" 19089 -92.3170547485352 43.3566856384277
"14113" 19091 -94.2072906494141 42.7763519287109
"14169" 19093 -95.51318359375 42.3866310119629
"14225" 19095 -92.0644454956055 41.6862525939941
"14281" 19097 -90.5870513916016 42.173526763916
"14337" 19099 -93.0500030517578 41.6859397888184
"14393" 19101 -91.9484176635742 41.0318450927734
"14449" 19103 -91.5877685546875 41.6720161437988
"14505" 19105 -91.1313629150391 42.1210517883301
"14561" 19107 -92.1785507202148 41.3364410400391
"14617" 19109 -94.2069473266602 43.2041168212891
"14673" 19111 -91.4783935546875 40.6397132873535
"14729" 19113 -91.5981292724609 42.0791053771973
"14785" 19115 -91.2668685913086 41.2143096923828
"14841" 19117 -93.3278350830078 41.0295257568359
"14897" 19119 -96.2248611450195 43.3801727294922
"14953" 19121 -94.0152816772461 41.3328094482422
"15009" 19123 -92.6408386230469 41.3351402282715
"15065" 19125 -93.0992965698242 41.3344078063965
"15121" 19127 -92.9990921020508 42.0358505249023
"15177" 19129 -95.6181640625 41.0321464538574
"15233" 19131 -92.7888946533203 43.3564643859863
"15289" 19133 -95.9685516357422 42.0498008728027
"15345" 19135 -92.8690719604492 41.0298271179199
"15401" 19137 -95.1560821533203 41.0300331115723
"15457" 19139 -91.1360855102539 41.4800338745117
"15513" 19141 -95.624885559082 43.0831031799316
"15569" 19143 -95.6243057250977 43.3783187866211
"15625" 19145 -95.1505584716797 40.7391014099121
"15681" 19147 -94.6783065795898 43.081974029541
"15737" 19149 -96.2062377929688 42.7372627258301
"15793" 19151 -94.6787414550781 42.7342071533203
"15849" 19153 -93.5705490112305 41.683422088623
"15905" 19155 -95.5462799072266 41.335319519043
"15961" 19157 -92.5296173095703 41.6864738464355
"16017" 19159 -94.2437515258789 40.7351875305176
"16073" 19161 -95.105583190918 42.3861351013184
"16129" 19163 -90.6352310180664 41.6323089599609
"16185" 19165 -95.3102493286133 41.6849594116211
"16241" 19167 -96.1734466552734 43.0837554931641
"16297" 19169 -93.4650039672852 42.0362243652344
"16353" 19171 -92.5244522094727 42.0700492858887
"16409" 19173 -94.6960906982422 40.7375106811523
"16465" 19175 -94.2424011230469 41.0276794433594
"16521" 19177 -91.9483261108398 40.7513465881348
"16577" 19179 -92.4095611572266 41.0305976867676
"16633" 19181 -93.5610427856445 41.3316688537598
"16689" 19183 -91.7168960571289 41.3360366821289
"16745" 19185 -93.3275604248047 40.7398262023926
"16801" 19187 -94.1818008422852 42.4278755187988
"16857" 19189 -93.7340850830078 43.37744140625
"16913" 19191 -91.8436965942383 43.2907333374023
"16969" 19193 -96.0388793945312 42.3889007568359
"17025" 19195 -93.260871887207 43.3774681091309
"17081" 19197 -93.7352066040039 42.7329521179199
"21673" 21001 -85.2841339111328 37.1000137329102
"21729" 21003 -86.1948013305664 36.7510871887207
"21841" 21007 -88.9921112060547 37.0534172058105
"21897" 21009 -85.9360122680664 36.9691429138184
"21953" 21011 -83.7479782104492 38.1482734680176
"22065" 21015 -84.7243576049805 38.9590263366699
"22121" 21017 -84.2182464599609 38.216682434082
"22233" 21021 -84.8700942993164 37.6271553039551
"22345" 21027 -86.4283752441406 37.7741813659668
"22401" 21029 -85.6869201660156 37.9734497070312
"22457" 21031 -86.68603515625 37.1992874145508
"22513" 21033 -87.8576126098633 37.1530456542969
"22569" 21035 -88.2783432006836 36.6213073730469
"22681" 21039 -88.9732513427734 36.8614044189453
"22737" 21041 -85.1058959960938 38.6699867248535
"22849" 21045 -84.931282043457 37.3306884765625
"22905" 21047 -87.4902420043945 36.8946495056152
"22961" 21049 -84.1476669311523 37.9689292907715
"23073" 21053 -85.1413955688477 36.7265815734863
"23129" 21055 -88.096923828125 37.3472938537598
"23185" 21057 -85.3922500610352 36.7872772216797
"23241" 21059 -87.0968551635742 37.7401466369629
"23297" 21061 -86.2471542358398 37.2180633544922
"23465" 21067 -84.4604415893555 38.0294876098633
"23521" 21069 -83.6954956054688 38.3718643188477
"23577" 21073 -84.8764572143555 38.2404479980469
"23633" 21075 -89.1829986572266 36.5597686767578
"23745" 21079 -84.5557632446289 37.6563568115234
"23857" 21083 -88.6504058837891 36.7233390808105
"23913" 21085 -86.3462295532227 37.4601020812988
"23969" 21087 -85.5462112426758 37.2658004760742
"24025" 21089 -82.9303970336914 38.5514450073242
"24081" 21091 -86.7824783325195 37.842643737793
"24137" 21093 -85.9642944335938 37.6978149414062
"24249" 21097 -84.3331604003906 38.4487380981445
"24305" 21099 -85.8948287963867 37.3063774108887
"24361" 21101 -87.5957412719727 37.7960243225098
"24417" 21103 -85.1144638061523 38.4485092163086
"24473" 21105 -88.9644012451172 36.6799430847168
"24529" 21107 -87.526481628418 37.3123893737793
"24641" 21111 -85.6730880737305 38.190803527832
"24697" 21113 -84.5899124145508 37.8616561889648
"24809" 21121 -83.8561706542969 36.8923568725586
"24865" 21123 -85.7001190185547 37.5470085144043
"25089" 21135 -83.3777770996094 38.5328483581543
"25145" 21137 -84.6546020507812 37.4510154724121
"25201" 21139 -88.3605270385742 37.1867370605469
"25257" 21141 -86.869010925293 36.8530502319336
"25313" 21143 -88.0856170654297 37.0211791992188
"25369" 21145 -88.7095031738281 37.0503311157227
"25481" 21149 -87.2441787719727 37.5347938537598
"25537" 21151 -84.2714080810547 37.7144317626953
"25649" 21155 -85.2734375 37.5575637817383
"25705" 21157 -88.3277053833008 36.8659553527832
"25817" 21161 -83.8270568847656 38.5961608886719
"25873" 21163 -86.2010040283203 37.9507064819336
"25985" 21167 -84.8752593994141 37.8146896362305
"26041" 21169 -85.6299362182617 36.996883392334
"26097" 21171 -85.7228851318359 36.7094497680664
"26153" 21173 -83.9149703979492 38.0398254394531
"26265" 21177 -87.1426620483398 37.2271041870117
"26321" 21179 -85.4525833129883 37.812328338623
"26433" 21183 -86.8317108154297 37.4837913513184
"26489" 21185 -85.4344177246094 38.3996162414551
"26657" 21191 -84.3581237792969 38.6969985961914
"26769" 21199 -84.5773696899414 37.0929336547852
"26881" 21203 -84.3140258789062 37.3646697998047
"26993" 21207 -85.0481414794922 36.9984893798828
"27049" 21209 -84.5881958007812 38.2859725952148
"27105" 21211 -85.2104415893555 38.2145385742188
"27161" 21213 -86.5640106201172 36.7300262451172
"27217" 21215 -85.3126602172852 38.0414695739746
"27273" 21217 -85.3221130371094 37.3704605102539
"27329" 21219 -87.1789703369141 36.8443832397461
"27385" 21221 -87.8736419677734 36.8095474243164
"27497" 21225 -87.9548187255859 37.6633796691895
"27553" 21227 -86.4191131591797 36.9956359863281
"27609" 21229 -85.1764755249023 37.7483558654785
"27665" 21231 -84.8369674682617 36.7938461303711
"27721" 21233 -87.6665191650391 37.5260696411133
"27889" 21239 -84.7373962402344 38.0529823303223
"28057" 26005 -85.8932800292969 42.5913391113281
"28225" 26011 -83.8874816894531 44.064582824707
"28337" 26015 -85.3083114624023 42.5950393676758
"28393" 26017 -83.9921722412109 43.7114753723145
"28505" 26021 -86.4239501953125 41.936393737793
"28561" 26023 -85.059196472168 41.9159774780273
"28617" 26025 -85.0049514770508 42.2464485168457
"28673" 26027 -86.000846862793 41.9166297912598
"28953" 26037 -84.6020584106445 42.9447059631348
"29177" 26045 -84.8374710083008 42.5961265563965
"29289" 26049 -83.6969451904297 43.0121192932129
"29457" 26055 -85.5614547729492 44.6625442504883
"29513" 26057 -84.6049880981445 43.2926292419434
"29569" 26059 -84.5938339233398 41.8870162963867
"29681" 26063 -83.0202026367188 43.8367958068848
"29737" 26065 -84.3751754760742 42.5978698730469
"29793" 26067 -85.0740966796875 42.9448738098145
"29961" 26073 -84.8466720581055 43.6404876708984
"30017" 26075 -84.4224472045898 42.2480583190918
"30073" 26077 -85.530403137207 42.2452659606934
"30185" 26081 -85.5490951538086 43.0321235656738
"30353" 26087 -83.2256164550781 43.094669342041
"30465" 26091 -84.0659790039062 41.8948936462402
"30521" 26093 -83.9125366210938 42.6039581298828
"30689" 26099 -82.9264907836914 42.6891288757324
"30913" 26107 -85.3245086669922 43.6407279968262
"31025" 26111 -84.3879241943359 43.6467132568359
"31081" 26113 -85.0925979614258 44.337776184082
"31137" 26115 -83.5425262451172 41.9295806884766
"31193" 26117 -85.1525344848633 43.3107414245605
"31305" 26121 -86.1519775390625 43.291130065918
"31361" 26123 -85.8008117675781 43.554573059082
"31529" 26129 -84.1271591186523 44.3348274230957
"31809" 26139 -86.0028839111328 42.9596176147461
"31977" 26145 -84.0424346923828 43.3315315246582
"32033" 26147 -82.679443359375 42.9305534362793
"32089" 26149 -85.5348739624023 41.9133338928223
"32145" 26151 -82.827880859375 43.4240188598633
"32257" 26155 -84.1458969116211 42.9539184570312
"32313" 26157 -83.4228363037109 43.4693565368652
"32369" 26159 -86.0359954833984 42.2478446960449
"32425" 26161 -83.8388519287109 42.2539710998535
"32649" 27003 -93.2460327148438 45.2587661743164
"32873" 27011 -96.4002838134766 45.423210144043
"32929" 27013 -94.0730743408203 44.0297622680664
"32985" 27015 -94.7074661254883 44.2505569458008
"33097" 27019 -93.8053588867188 44.8157691955566
"33209" 27023 -95.5595092773438 45.0202026367188
"33265" 27025 -92.9116897583008 45.5040397644043
"33321" 27027 -96.4925994873047 46.8967247009277
"33433" 27033 -95.1732330322266 44.0136528015137
"33545" 27037 -93.0514984130859 44.6874008178711
"33601" 27039 -92.8651885986328 44.0231552124023
"33657" 27041 -95.4533615112305 45.9337425231934
"33713" 27043 -93.9478378295898 43.6738052368164
"33769" 27045 -92.0874633789062 43.6721725463867
"33825" 27047 -93.349006652832 43.6738433837891
"33881" 27049 -92.7274627685547 44.4093360900879
"33937" 27051 -96.012809753418 45.9336738586426
"33993" 27053 -93.4840774536133 45.0038948059082
"34049" 27055 -91.4920654296875 43.6696166992188
"34161" 27059 -93.2967300415039 45.5621528625488
"34273" 27063 -95.1539459228516 43.6740074157715
"34385" 27067 -95.0052261352539 45.1522331237793
"34553" 27073 -96.1606674194336 44.9924392700195
"34665" 27079 -93.7400588989258 44.3669471740723
"34721" 27081 -96.2690582275391 44.4123077392578
"34777" 27083 -95.8405151367188 44.4137420654297
"34833" 27085 -94.2617416381836 44.8133811950684
"35001" 27091 -94.5509185791016 43.6742286682129
"35057" 27093 -94.5241851806641 45.1128273010254
"35225" 27099 -92.7512130737305 43.6728172302246
"35281" 27101 -95.7632369995117 44.0222434997559
"35337" 27103 -94.2421112060547 44.3489799499512
"35393" 27105 -95.753288269043 43.6743850708008
"35505" 27109 -92.4021148681641 44.0026168823242
"35561" 27111 -95.7122116088867 46.4102973937988
"35729" 27117 -96.2585601806641 44.0230827331543
"35841" 27121 -95.4445953369141 45.5861511230469
"36009" 27127 -95.252815246582 44.4041900634766
"36065" 27129 -94.9486541748047 44.7274398803711
"36121" 27131 -93.2912292480469 44.361930847168
"36177" 27133 -96.2528686523438 43.6749114990234
"36345" 27139 -93.5278091430664 44.6490478515625
"36401" 27141 -93.767707824707 45.4413528442383
"36457" 27143 -94.2375564575195 44.5774536132812
"36513" 27145 -94.6142654418945 45.552791595459
"36569" 27147 -93.2262725830078 44.0223388671875
"36625" 27149 -96.0002517700195 45.5861778259277
"36681" 27151 -95.6786804199219 45.282901763916
"36793" 27155 -96.4721145629883 45.7718925476074
"36849" 27157 -92.23974609375 44.2793388366699
"36905" 27159 -94.971321105957 46.5858497619629
"36961" 27161 -93.5872497558594 44.0220680236816
"37017" 27163 -92.8884124755859 45.053279876709
"37073" 27165 -94.6141586303711 43.9780960083008
"37129" 27167 -96.462272644043 46.3566398620605
"37185" 27169 -91.768424987793 43.9769973754883
"37241" 27171 -93.9718856811523 45.1755599975586
"37297" 27173 -95.8741455078125 44.7121734619141
"37353" 29001 -92.600830078125 40.1906051635742
"37409" 29003 -94.8044357299805 39.9810104370117
"37465" 29005 -95.423583984375 40.4312362670898
"37521" 29007 -91.8287734985352 39.2117767333984
"37689" 29013 -94.3382186889648 38.2584381103516
"37745" 29015 -93.290901184082 38.2949447631836
"37801" 29017 -90.0260162353516 37.321605682373
"37857" 29019 -92.3100662231445 38.9935340881348
"37913" 29021 -94.8066940307617 39.6609268188477
"37969" 29023 -90.4114532470703 36.714111328125
"38025" 29025 -93.9828109741211 39.6559181213379
"38081" 29027 -91.9226150512695 38.8438339233398
"38193" 29031 -89.6810150146484 37.3732566833496
"38249" 29033 -93.4860763549805 39.4328880310059
"38361" 29037 -94.3438034057617 38.6477928161621
"38417" 29039 -93.85791015625 37.7240791320801
"38473" 29041 -92.9502487182617 39.5065116882324
"38585" 29045 -91.7371520996094 40.4078102111816
"38641" 29047 -94.4231796264648 39.3053131103516
"38697" 29049 -94.4047088623047 39.601245880127
"38753" 29051 -92.277702331543 38.5119132995605
"38809" 29053 -92.8076477050781 38.8409729003906
"38921" 29057 -93.8487854003906 37.4326515197754
"39033" 29061 -93.9878616333008 39.9609718322754
"39089" 29063 -94.4078674316406 39.8911056518555
"39257" 29069 -90.0872116088867 36.2701416015625
"39313" 29071 -91.0717086791992 38.4158821105957
"39369" 29073 -91.5070190429688 38.4380950927734
"39425" 29075 -94.4093627929688 40.2109909057617
"39537" 29079 -93.5642166137695 40.1140632629395
"39593" 29081 -93.9922714233398 40.3547401428223
"39649" 29083 -93.7893905639648 38.3878059387207
"39761" 29087 -95.2185668945312 40.096435546875
"39817" 29089 -92.6864929199219 39.1325569152832
"39985" 29095 -94.3441772460938 39.0058708190918
"40041" 29097 -94.3389358520508 37.2041282653809
"40097" 29099 -90.5406112670898 38.2760734558105
"40153" 29101 -93.7960205078125 38.7467765808105
"40209" 29103 -92.1455917358398 40.1295013427734
"40321" 29107 -93.7809295654297 39.072151184082
"40377" 29109 -93.8355865478516 37.104866027832
"40433" 29111 -91.7196044921875 40.0969924926758
"40489" 29113 -90.957763671875 39.0602531433105
"40545" 29115 -93.1069259643555 39.8690643310547
"40601" 29117 -93.5478057861328 39.7816467285156
"40713" 29121 -92.5679016113281 39.8268775939941
"40825" 29125 -91.922721862793 38.1623229980469
"40881" 29127 -91.619255065918 39.7994003295898
"40937" 29129 -93.5690231323242 40.422550201416
"40993" 29131 -92.4253005981445 38.2129859924316
"41049" 29133 -89.2901763916016 36.8300132751465
"41105" 29135 -92.5871429443359 38.6289405822754
"41161" 29137 -92.0016326904297 39.4967498779297
"41217" 29139 -91.4618682861328 38.9331893920898
"41273" 29141 -92.8850021362305 38.4215431213379
"41329" 29143 -89.6528396606445 36.5977516174316
"41441" 29147 -94.8824844360352 40.3612594604492
"41553" 29151 -91.8619232177734 38.462215423584
"41665" 29155 -89.7871704101562 36.2160301208496
"41721" 29157 -89.8397445678711 37.699348449707
"41777" 29159 -93.2859115600586 38.7285118103027
"41889" 29163 -91.1779098510742 39.3470153808594
"41945" 29165 -94.7753448486328 39.3847274780273
"42001" 29167 -93.404670715332 37.6199913024902
"42113" 29171 -93.0219802856445 40.4791297912598
"42169" 29173 -91.5197448730469 39.5208473205566
"42225" 29175 -92.4962692260742 39.4397354125977
"42281" 29177 -93.9923477172852 39.3547782897949
"42449" 29183 -90.6559982299805 38.7985877990723
"42505" 29185 -93.7772827148438 38.0369987487793
"42617" 29187 -90.4725112915039 37.8308219909668
"42673" 29189 -90.4449691772461 38.6423950195312
"42729" 29195 -93.191780090332 39.1342697143555
"42785" 29197 -92.5254211425781 40.4700469970703
"42841" 29199 -92.147102355957 40.4521331787109
"42897" 29201 -89.5622406005859 37.0413780212402
"43009" 29205 -92.0763473510742 39.7974319458008
"43065" 29207 -89.9426193237305 36.8564453125
"43177" 29211 -93.1107559204102 40.2106323242188
"43345" 29217 -94.3408584594727 37.8511848449707
"43401" 29219 -91.1579742431641 38.7673034667969
"43513" 29223 -90.464958190918 37.1142997741699
"43625" 29227 -94.4187469482422 40.47900390625
"43737" 31001 -98.5011978149414 40.5246086120605
"43793" 31003 -98.0669708251953 42.1767578125
"43849" 31009 -99.9767913818359 41.9130935668945
"43905" 31011 -98.067985534668 41.7064437866211
"43961" 31015 -98.7542266845703 42.8996963500977
"44017" 31017 -99.928596496582 42.4278793334961
"44073" 31019 -99.0728378295898 40.8553276062012
"44129" 31021 -96.3515777587891 41.8509674072266
"44185" 31023 -97.1298446655273 41.225170135498
"44241" 31025 -96.1428527832031 40.911247253418
"44297" 31027 -97.2565231323242 42.5951118469238
"44353" 31035 -98.0512313842773 40.5244216918945
"44409" 31037 -97.0872802734375 41.5738220214844
"44465" 31039 -96.7966384887695 41.9065780639648
"44521" 31041 -99.7250900268555 41.3943710327148
"44577" 31043 -96.5358734130859 42.3834457397461
"44633" 31047 -99.8169631958008 40.8681716918945
"44689" 31051 -96.8512878417969 42.5038032531738
"44745" 31053 -96.6607284545898 41.5720481872559
"44801" 31055 -96.1668548583984 41.2964553833008
"44857" 31059 -97.5964050292969 40.5245208740234
"44913" 31061 -98.9528884887695 40.1763458251953
"44969" 31065 -99.9125595092773 40.1765060424805
"45025" 31067 -96.6895599365234 40.2619857788086
"45081" 31071 -98.9911727905273 41.9142532348633
"45137" 31073 -99.8311614990234 40.5116729736328
"45193" 31077 -98.5223083496094 41.567138671875
"45249" 31079 -98.502685546875 40.8723182678223
"45305" 31081 -98.0238494873047 40.87451171875
"45361" 31083 -99.4043884277344 40.1765403747559
"45417" 31089 -98.7835159301758 42.4558868408203
"45473" 31093 -98.5166549682617 41.2199745178223
"45529" 31095 -97.1424179077148 40.1758651733398
"45585" 31097 -96.2651062011719 40.3925437927246
"45641" 31099 -98.9478912353516 40.5064506530762
"45697" 31103 -99.7119827270508 42.8765296936035
"45753" 31107 -97.8901443481445 42.6340446472168
"45809" 31109 -96.6881484985352 40.7841148376465
"45865" 31115 -99.4544143676758 41.913688659668
"45921" 31119 -97.6006164550781 41.9166831970215
"45977" 31121 -98.0433349609375 41.1669120788574
"46033" 31125 -98.0093536376953 41.3914833068848
"46089" 31127 -95.8480682373047 40.3857650756836
"46145" 31129 -98.0473709106445 40.1763572692871
"46201" 31131 -96.1273727416992 40.6492576599121
"46257" 31133 -96.2370452880859 40.1313896179199
"46313" 31137 -99.4139938354492 40.511417388916
"46369" 31139 -97.6075744628906 42.2596015930176
"46425" 31141 -97.5311050415039 41.5634498596191
"46481" 31143 -97.5657043457031 41.1859474182129
"46537" 31147 -95.7158966064453 40.1217842102051
"46593" 31149 -99.4490814208984 42.4191474914551
"46649" 31151 -97.1410751342773 40.5242614746094
"46705" 31153 -96.1109848022461 41.1127395629883
"46761" 31155 -96.6409378051758 41.2218360900879
"46817" 31159 -97.1402435302734 40.8724632263184
"46873" 31163 -98.9759140014648 41.2204437255859
"46929" 31167 -97.193977355957 41.9169044494629
"46985" 31169 -97.5949401855469 40.1761894226074
"47041" 31173 -96.5626449584961 42.1546592712402
"47097" 31175 -98.9797897338867 41.567813873291
"47153" 31177 -96.2166976928711 41.5326347351074
"47209" 31179 -97.1087875366211 42.2146148681641
"47265" 31181 -98.5001525878906 40.1764602661133
"47321" 31183 -98.5285949707031 41.9145584106445
"47377" 31185 -97.5971450805664 40.8726921081543
"47433" 38003 -98.0707015991211 46.9361839294434
"47545" 38017 -97.2444458007812 46.9320449829102
"47657" 38021 -98.5050277709961 46.1103324890137
"47825" 38035 -97.4609603881836 47.9213371276855
"47937" 38043 -99.7800674438477 46.9801712036133
"47993" 38045 -98.5353393554688 46.4568099975586
"48385" 38073 -97.6574172973633 46.4561805725098
"48441" 38077 -96.9440536499023 46.2657928466797
"48553" 38081 -97.6310958862305 46.1081237792969
"48665" 38093 -98.9598846435547 46.9786262512207
"48777" 38097 -97.1580963134766 47.4532279968262
"48945" 39001 -83.4778518676758 38.8499450683594
"49001" 39003 -84.0995712280273 40.7732162475586
"49057" 39011 -84.2026901245117 40.5680885314941
"49113" 39015 -83.8692398071289 38.9337387084961
"49169" 39017 -84.5834503173828 39.4417114257812
"49225" 39021 -83.7771072387695 40.136890411377
"49281" 39023 -83.7983016967773 39.9220085144043
"49337" 39025 -84.1527252197266 39.0505981445312
"49393" 39027 -83.8255157470703 39.4151306152344
"49449" 39033 -82.91943359375 40.8506546020508
"49505" 39037 -84.619384765625 40.133918762207
"49561" 39039 -84.4923400878906 41.3262672424316
"49617" 39041 -83.0007629394531 40.2819747924805
"49673" 39043 -82.6383743286133 41.3705673217773
"49729" 39045 -82.6311187744141 39.757698059082
"49785" 39047 -83.4664154052734 39.5556640625
"49841" 39049 -83.0032196044922 39.9700050354004
"49897" 39051 -84.1245193481445 41.6020965576172
"49953" 39057 -83.8808822631836 39.6896018981934
"50009" 39061 -84.5512466430664 39.1893005371094
"50065" 39063 -83.6612854003906 40.9993934631348
"50121" 39065 -83.6599044799805 40.6614112854004
"50177" 39069 -84.0683135986328 41.3339233398438
"50233" 39071 -83.6040725708008 39.1899452209473
"50289" 39077 -82.5928573608398 41.1440238952637
"50345" 39079 -82.6297225952148 39.0359802246094
"50401" 39087 -82.5316772460938 38.5947532653809
"50457" 39091 -83.7633666992188 40.3862113952637
"50513" 39095 -83.6555633544922 41.6204681396484
"50569" 39097 -83.4050369262695 39.8944931030273
"50625" 39101 -83.1751480102539 40.5837898254395
"50681" 39107 -84.6278381347656 40.5281677246094
"50737" 39109 -84.2288436889648 40.0515823364258
"50793" 39113 -84.2830047607422 39.7537269592285
"50849" 39117 -82.8070831298828 40.5209274291992
"50905" 39123 -83.1115417480469 41.5328521728516
"50961" 39125 -84.5862121582031 41.1221084594727
"51017" 39129 -83.0247421264648 39.6417617797852
"51073" 39131 -83.0703964233398 39.076114654541
"51129" 39135 -84.6497344970703 39.747257232666
"51185" 39137 -84.1381988525391 41.0254516601562
"51241" 39139 -82.5408325195312 40.7699089050293
"51297" 39141 -83.0548095703125 39.3378486633301
"51353" 39143 -83.1439208984375 41.3569259643555
"51409" 39145 -82.9861068725586 38.8031387329102
"51465" 39147 -83.1282501220703 41.1238555908203
"51521" 39149 -84.2117767333984 40.3323287963867
"51577" 39159 -83.3795318603516 40.28857421875
"51633" 39161 -84.5793609619141 40.8460464477539
"51689" 39165 -84.1740570068359 39.4269180297852
"51745" 39171 -84.5833358764648 41.5607566833496
"51801" 39173 -83.6224365234375 41.360912322998
"51857" 39175 -83.2978820800781 40.8384857177734
"53089" 46003 -98.5623474121094 43.7181854248047
"53145" 46005 -98.2842407226562 44.4119415283203
"53201" 46009 -97.8993530273438 42.985595703125
"53257" 46011 -96.7907562255859 44.3698310852051
"53313" 46013 -98.3519897460938 45.5900497436523
"53369" 46015 -99.0641632080078 43.7177772521973
"53481" 46023 -98.6021728515625 43.2141342163086
"53537" 46025 -97.7323913574219 44.8538284301758
"53593" 46027 -96.9709854125977 42.9157028198242
"53649" 46029 -97.1882705688477 44.9779434204102
"53705" 46035 -98.1445999145508 43.6749687194824
"53761" 46037 -97.6074981689453 45.3673210144043
"53817" 46039 -96.6680603027344 44.7601280212402
"53873" 46043 -98.3667831420898 43.3872947692871
"53929" 46045 -99.2162399291992 45.4184036254883
"53985" 46049 -99.1455230712891 45.0708618164062
"54041" 46051 -96.7675018310547 45.1713409423828
"54097" 46053 -99.1883087158203 43.1888236999512
"54153" 46057 -97.1882781982422 44.6738204956055
"54209" 46059 -99.0063247680664 44.5469055175781
"54265" 46061 -97.7870712280273 43.6747398376465
"54321" 46067 -97.7555084228516 43.3344535827637
"54377" 46069 -99.4887542724609 44.5458526611328
"54433" 46073 -98.6298446655273 44.0664482116699
"54489" 46077 -97.4914627075195 44.3695259094238
"54545" 46079 -97.1292419433594 44.0219383239746
"54601" 46083 -96.7277145385742 43.2742652893066
"54657" 46085 -99.8363494873047 43.8886795043945
"54713" 46087 -97.3686447143555 43.674186706543
"54769" 46089 -99.22119140625 45.7662544250488
"54825" 46091 -97.5986404418945 45.7587509155273
"54881" 46097 -97.6099319458008 44.0219535827637
"54937" 46099 -96.7911148071289 43.6744270324707
"54993" 46101 -96.6710357666016 44.0227241516113
"55049" 46107 -99.9600143432617 45.0639572143555
"55105" 46109 -96.9426574707031 45.626522064209
"55161" 46111 -98.0906982421875 44.023681640625
"55217" 46115 -98.3475112915039 44.9378395080566
"55273" 46123 -99.8812637329102 43.3490219116211
"55329" 46125 -97.1536178588867 43.3015174865723
"55385" 46127 -96.648811340332 42.8307723999023
"55441" 46135 -97.4151458740234 42.9947128295898
"57849" 55001 -89.7771987915039 43.9718017578125
"57961" 55005 -91.8537445068359 45.4275283813477
"58073" 55009 -88.0038146972656 44.4525566101074
"58129" 55011 -91.7602233886719 44.3735198974609
"58185" 55013 -92.3704833984375 45.8644485473633
"58241" 55015 -88.2187042236328 44.0744018554688
"58297" 55017 -91.2862930297852 45.0719451904297
"58353" 55019 -90.6152572631836 44.7317543029785
"58409" 55021 -89.3309326171875 43.465461730957
"58465" 55023 -90.9286651611328 43.2366676330566
"58521" 55025 -89.4197845458984 43.0662994384766
"58577" 55027 -88.7080078125 43.4159507751465
"58633" 55029 -87.3324203491211 44.9277992248535
"58745" 55033 -91.8993682861328 44.9468955993652
"58801" 55035 -91.2861404418945 44.7266578674316
"58913" 55039 -88.495231628418 43.7492370605469
"59025" 55043 -90.7096557617188 42.8634376525879
"59081" 55045 -89.6035690307617 42.6768798828125
"59137" 55047 -89.0471496582031 43.7994728088379
"59193" 55049 -90.1316604614258 42.9991035461426
"59305" 55053 -90.8027572631836 44.3169593811035
"59361" 55055 -88.7746353149414 43.0205001831055
"59417" 55057 -90.1193313598633 43.9205513000488
"59473" 55059 -88.0369491577148 42.5768928527832
"59529" 55061 -87.6169967651367 44.5163421630859
"59585" 55063 -91.117805480957 43.9071235656738
"59641" 55065 -90.1319580078125 42.6598091125488
"59809" 55071 -87.8090744018555 44.1207466125488
"59865" 55073 -89.7670135498047 44.8938064575195
"59921" 55075 -88.0337982177734 45.391716003418
"59977" 55077 -89.4011535644531 43.8205604553223
"60089" 55081 -90.6183853149414 43.9468460083008
"60145" 55083 -88.2783584594727 45.0397033691406
"60257" 55087 -88.4650955200195 44.4157295227051
"60313" 55089 -87.9525833129883 43.3842391967773
"60369" 55091 -92.0271530151367 44.5862770080566
"60425" 55093 -92.4396667480469 44.7298164367676
"60481" 55095 -92.4429244995117 45.4618034362793
"60537" 55097 -89.5014572143555 44.4756736755371
"60649" 55101 -88.0750274658203 42.7469902038574
"60705" 55103 -90.4293746948242 43.369270324707
"60761" 55105 -89.0714416503906 42.6713943481445
"60817" 55107 -91.1224670410156 45.470272064209
"60873" 55109 -92.4585342407227 45.0352210998535
"60929" 55111 -89.9463424682617 43.4311828613281
"61041" 55115 -88.7637252807617 44.7887802124023
"61097" 55117 -87.9426574707031 43.7215766906738
"61153" 55119 -90.4860305786133 45.2065734863281
"61209" 55121 -91.3547515869141 44.3067321777344
"61265" 55123 -90.8281784057617 43.5945816040039
"61377" 55127 -88.5415496826172 42.6683654785156
"61433" 55129 -91.7919692993164 45.8992805480957
"61489" 55131 -88.2318344116211 43.368724822998
"61545" 55133 -88.3031845092773 43.0183258056641
"61601" 55135 -88.9651565551758 44.4706573486328
"61657" 55137 -89.2432022094727 44.1132926940918
"61713" 55139 -88.6444854736328 44.0687713623047
"61769" 55141 -90.0408554077148 44.4557037353516
